%% Copied from one subject's EEG.chanlocs.{Labels, X, Y, Z} (RC051_sleep.mff)

posX = [6.30200004577637;7.65899991989136;8.71500015258789;8.15699958801270;6.49200010299683;4.34600019454956;1.77999997138977;9.13099956512451;10.1420001983643;9.94200038909912;9.09000015258789;6.49200010299682;3.71499991416931;10.8210000991821;10.3739995956421;10.3610000610352;10.5830001831055;9.94200038909912;8.15699958801270;5.84700012207031;10.8210000991821;10.1420001983643;8.71500015258789;6.87300014495850;9.13099956512451;7.65899991989136;6.22499990463257;4.74599981307984;3.07999992370605;1.09599995613098;-0.781000018119811;6.30200004577637;4.71099996566773;3.38899993896484;1.70099997520447;0.324999988079074;-1.73399996757507;4.12300014495850;0.970000028610232;0.0370000004768370;-0.913999974727630;-2.67000007629394;2.75900006294251;1.45899999141693;-2.13000011444092;-2.62400007247925;-3.43799996376037;2.54200005531311;0.476000010967254;-4.59299993515015;-5.32800006866455;-5.13100004196167;-4.60799980163574;-3.89800000190735;-2.44099998474121;-2.80599999427795;-4.26900005340576;-6.57000017166138;-7.34899997711182;-6.92000007629394;-6.25699996948242;-7.62200021743775;-4.91099977493286;-6.70100021362305;-8.31099987030029;-8.75000000000000;-8.39500045776367;-7.30700016021728;-8.67899990081787;-9.82600021362305;-9.63199996948242;-8.93799972534180;-8.55799961090088;-9.65200042724609;-10.2700004577637;-9.63199996948242;-8.39500045776367;-6.25699996948242;-3.89800000190735;-0.781000018119813;-8.97099971771240;-9.65200042724609;-9.82600021362305;-8.75000000000000;-6.92000007629395;-4.60799980163574;-1.73399996757507;-8.55799961090088;-8.67899990081787;-8.31099987030030;-7.34899997711182;-5.13100004196167;-2.67000007629395;-7.30700016021729;-6.70100021362305;-6.57000017166138;-5.32800006866455;-3.43799996376038;-4.91099977493286;-4.26900005340576;-4.59299993515015;-2.62400007247925;-0.913999974727632;0.324999988079070;1.09599995613098;1.77999997138977;-2.80599999427796;-2.13000011444092;0.0370000004768356;1.70099997520447;3.07999992370605;3.71499991416931;0.476000010967253;1.45899999141693;0.970000028610228;3.38899993896484;4.74599981307983;5.84700012207031;2.54200005531311;2.75900006294250;4.12300014495849;4.71099996566772;6.22499990463257;6.87300014495849;5.16400003433227;7.59000015258789;7.59000015258789;5.16400003433228;-1.14270451702945e-31];
posY = [-6.60699987411499;-6.04099988937378;-4.41099977493286;-3.27500009536743;-1.68900001049042;-1.06446304546978e-15;1.39699995517731;-4.81899976730347;-3.07699990272522;-2.08999991416931;-2.22640791822314e-15;1.68900001049042;2.78099989891052;-1.45000004768372;-2.54089707983180e-15;-2.53771311214245e-15;-2.59208745992319e-15;2.08999991416931;3.27500009536743;4.36700010299683;1.45000004768371;3.07699990272522;4.41099977493286;5.09100008010864;4.81899976730347;6.04099988937378;6.48699998855591;6.33199977874756;5.43599987030029;4.21899986267090;2.23200011253357;6.60699987411499;7.30499982833862;7.78999996185303;7.32200002670288;6.25500011444092;4.46299982070923;7.47800016403198;8.21000003814697;8.43799972534180;7.88199996948242;6.79899978637695;7.44199991226196;7.80900001525879;8.33899974822998;8.34799957275390;7.69099998474121;6.77500009536743;7.19000005722046;7.74200010299683;7.48600006103516;6.65700006484985;4.78700017929077;2.59200000762940;2.98936281803206e-16;7.04899978637695;7.51200008392334;6.88899993896485;5.94099998474121;4.69999980926514;2.67700004577637;9.33425816938556e-16;6.08799982070923;6.16900014877319;5.30299997329712;4.11899995803833;2.10599994659424;4.32100009918213;4.02799987792969;3.12599992752075;1.60399997234345;1.09458927544198e-15;2.20300006866455;1.28499996662140;1.25771231878421e-15;-1.60399997234344;-2.10599994659424;-2.67700004577637;-2.59200000762939;-2.23200011253357;1.09863060894483e-15;-1.28499996662140;-3.12599992752075;-4.11899995803833;-4.69999980926514;-4.78700017929077;-4.46299982070923;-2.20300006866455;-4.02799987792969;-5.30299997329712;-5.94099998474121;-6.65700006484985;-6.79899978637695;-4.32100009918213;-6.16900014877319;-6.88899993896484;-7.48600006103515;-7.69099998474121;-6.08799982070923;-7.51200008392334;-7.74200010299683;-8.34799957275391;-7.88199996948242;-6.25500011444092;-4.21899986267090;-1.39699995517731;-7.04899978637695;-8.33899974822998;-8.43799972534180;-7.32200002670288;-5.43599987030029;-2.78099989891052;-7.19000005722046;-7.80900001525879;-8.21000003814697;-7.78999996185303;-6.33199977874756;-4.36700010299683;-6.77500009536743;-7.44199991226197;-7.47800016403198;-7.30499982833862;-6.48699998855591;-5.09100008010864;-6.98400020599365;-4.27299976348877;4.27299976348877;6.98400020599365;-6.22059365919513e-16];
posZ = [-2.94199991226196;0.351000010967255;3.50200009346008;5.69600009918213;7.77699995040894;9.00800037384033;9.63500022888184;-1.54700005054474;1.24199998378754;3.63800001144409;5.75899982452393;7.77699995040894;8.68599987030030;-1.08099997043610;1.52199995517731;3.54500007629395;-2.52500009536743;3.63800001144409;5.69600009918213;6.78399991989136;-1.08099997043610;1.24199998378754;3.50200009346008;4.98299980163574;-1.54700005054474;0.351000010967255;3.23799991607666;5.28299999237061;7.18900012969971;8.70699977874756;9.77700042724609;-2.94199991226196;-0.407000005245209;2.77399992942810;5.41300010681153;7.28700017929077;8.86299991607666;-3.82800006866455;-1.00800001621246;2.44700002670288;5.25099992752075;6.85300016403198;-5.99700021743775;-4.05900001525879;-0.717999994754791;2.72300004959106;4.76999998092651;-9.05700016021729;-6.92799997329712;-0.264999985694885;3.13899993896484;5.65700006484985;7.97100019454956;9.36600017547607;10.0360002517700;-6.43499994277954;-3.41400003433228;0.0590000003576279;3.40700006484985;6.12500000000000;8.05700016021729;7.38000011444092;-6.40799999237061;-3.30100011825562;0.149000003933907;3.57299995422363;5.96299982070923;-6.00500011444092;-3.21700000762939;0.273000001907349;3.74099993705749;5.35099983215332;-5.86399984359741;-3.00500011444092;0.556999981403351;3.74099993705749;5.96299982070923;8.05700016021729;9.36600017547607;9.77700042724609;-5.64499998092651;-3.00500011444092;0.273000001907349;3.57299995422363;6.12500000000000;7.97100019454956;8.86299991607666;-5.86399984359741;-3.21700000762939;0.149000003933907;3.40700006484985;5.65700006484985;6.85300016403198;-6.00500011444092;-3.30100011825562;0.0590000003576279;3.13899993896484;4.76999998092651;-6.40799999237061;-3.41400003433228;-0.264999985694885;2.72300004959106;5.25099992752075;7.28700017929077;8.70699977874756;9.63500022888184;-6.43499994277954;-0.717999994754791;2.44700002670288;5.41300010681153;7.18900012969971;8.68599987030030;-6.92799997329712;-4.05900001525879;-1.00800001621246;2.77399992942810;5.28299999237061;6.78399991989136;-9.05700016021729;-5.99700021743775;-3.82800006866455;-0.407000005245209;3.23799991607666;4.98299980163574;-5.03299999237061;-7.45499992370605;-7.45499992370605;-5.03299999237061;10.1590003967285];

